======================================================================
GOLDSTANDARD-EVALUATION (test/shuffle_pfwb1000_mit_sg.txt)
n = 1000
======================================================================
MIT Lemma:  nn_char_wb_ml1_sw0_20260709_230256.pkl
OHNE Lemma: nn_char_wb_ml1_sw0_20260619_123738.pkl

Metrik                       MIT Lemma        OHNE Lemma
--------------------------------------------------------
Trainings-Acc.                  0.8375            0.8038
Goldstandard Top-1              0.3830            0.2800
Goldstandard Top-3              0.5890            0.4260
Goldstandard Top-5              0.6620            0.4940
F1 (macro)                      0.2734            0.1795
F1 (weighted)                   0.3791            0.2780

======================================================================
Classification Report - MIT Lemma (nn_char_wb_ml1_sw0_20260709_230256.pkl)
======================================================================
              precision    recall  f1-score   support

           0       0.00      0.00      0.00         0
        1000       0.00      0.00      0.00         0
        1120       0.00      0.00      0.00         0
        1130       0.50      1.00      0.67         1
        1140       0.00      0.00      0.00         1
        1220       0.00      0.00      0.00         2
        1230       1.00      0.75      0.86         4
        1300       0.00      0.00      0.00         0
        2100       1.00      0.67      0.80         3
        2200       0.62      0.56      0.59         9
        2300       1.00      0.50      0.67         2
        2600       0.25      0.25      0.25         4
        2700       0.62      0.71      0.67         7
        2800       0.00      0.00      0.00         3
        3010       0.00      0.00      0.00         0
        3020       0.50      0.67      0.57         3
        3100       0.33      1.00      0.50         2
        3110       1.00      0.33      0.50         6
        3120       0.40      0.40      0.40        10
        3210       0.00      0.00      0.00         1
        3220       0.00      0.00      0.00         1
        3320       0.00      0.00      0.00         0
        3330       0.00      0.00      0.00         1
        3400       0.56      0.42      0.48        12
        3500       0.50      0.50      0.50        14
        3510       0.33      1.00      0.50         1
        3600       0.00      0.00      0.00         2
        3700       0.33      0.50      0.40         2
        3800       0.00      0.00      0.00         3
        3900       0.00      0.00      0.00         1
        4000       0.00      0.00      0.00         0
        4010       0.00      0.00      0.00         0
        4030       0.00      0.00      0.00         2
        4110       0.00      0.00      0.00         1
        4111       0.60      0.75      0.67         8
        4112       0.56      0.50      0.53        10
        4113       0.50      1.00      0.67         2
        4114       0.67      1.00      0.80         2
        4115       1.00      1.00      1.00         1
        4117       0.29      0.67      0.40         3
        4118       0.00      0.00      0.00         0
        4120       1.00      0.50      0.67         2
        4130       0.33      1.00      0.50         1
        4200       0.33      0.50      0.40         2
        4210       0.50      0.75      0.60         4
        4230       0.00      0.00      0.00         1
        4240       0.60      0.86      0.71         7
        4310       0.00      0.00      0.00         1
        4320       0.00      0.00      0.00         1
        4400       1.00      1.00      1.00         1
        4500       0.00      0.00      0.00         1
        4600       0.00      0.00      0.00         0
        4700       0.67      0.18      0.29        11
        5110       0.00      0.00      0.00         0
        5120       0.33      0.29      0.31         7
        5122       0.50      1.00      0.67         1
        5123       0.00      0.00      0.00         1
        5124       0.00      0.00      0.00         1
        5130       0.00      0.00      0.00         1
        5140       0.00      0.00      0.00         1
        5141       1.00      1.00      1.00         2
        5144       0.00      0.00      0.00         1
        5145       0.00      0.00      0.00         0
        5146       0.00      0.00      0.00         0
        5150       0.00      0.00      0.00         1
        5160       0.00      0.00      0.00         3
        5165       1.00      1.00      1.00         1
        5170       0.00      0.00      0.00         0
        5200       0.33      0.50      0.40         8
        5210       0.44      0.41      0.42        17
        5230       0.20      1.00      0.33         1
        5300       0.00      0.00      0.00         1
        5320       0.00      0.00      0.00         1
        5330       0.00      0.00      0.00         0
        5340       0.80      0.57      0.67         7
        5350       0.00      0.00      0.00         3
        5360       0.22      0.33      0.27         6
        5400       1.00      1.00      1.00         1
        5410       0.17      1.00      0.29         1
        5420       0.00      0.00      0.00         1
        5430       0.00      0.00      0.00         2
        5440       1.00      1.00      1.00         1
        5450       0.00      0.00      0.00         1
        5500       0.00      0.00      0.00         5
        5510       0.00      0.00      0.00         1
        5520       0.47      0.39      0.42        18
        5521       0.33      0.50      0.40         4
        5530       0.46      0.60      0.52        10
        5531       0.00      0.00      0.00         1
        5532       1.00      0.25      0.40         4
        5533       0.50      0.33      0.40         3
        5540       1.00      1.00      1.00         1
        5550       0.00      0.00      0.00         4
        5560       1.00      0.33      0.50         6
        5570       0.00      0.00      0.00         1
        5600       0.25      0.50      0.33         2
        5700       0.56      0.42      0.48        12
        5830       0.00      0.00      0.00         5
        5840       0.00      0.00      0.00         0
        5870       0.50      1.00      0.67         1
        5900       0.00      0.00      0.00         1
        5910       0.44      0.47      0.46        17
        5911       0.67      0.50      0.57        20
        5920       0.25      0.43      0.32         7
        5921       1.00      1.00      1.00         1
        5925       0.67      0.80      0.73         5
        5930       0.08      0.50      0.14         2
        5931       0.00      0.00      0.00         4
        5932       1.00      0.17      0.29        12
        5933       1.00      0.40      0.57         5
        5934       0.67      0.67      0.67         6
        5936       0.50      1.00      0.67         2
        5937       0.67      0.50      0.57         4
        5938       1.00      1.00      1.00         2
        5940       0.62      0.56      0.59         9
        6110       0.12      0.14      0.13         7
        6111       0.50      0.50      0.50         2
        6112       1.00      0.33      0.50         3
        6114       0.67      0.67      0.67         3
        6116       0.00      0.00      0.00         4
        6117       0.67      0.33      0.44         6
        6118       0.00      0.00      0.00         0
        6119       0.00      0.00      0.00         0
        6120       0.00      0.00      0.00         0
        6122       0.00      0.00      0.00         1
        6124       0.00      0.00      0.00         2
        6126       0.00      0.00      0.00         2
        6127       0.00      0.00      0.00         1
        6130       0.33      1.00      0.50         1
        6132       1.00      0.50      0.67         2
        6134       1.00      0.75      0.86         4
        6135       0.75      1.00      0.86         3
        6136       0.00      0.00      0.00         1
        6137       0.00      0.00      0.00         1
        6210       0.00      0.00      0.00         0
        6230       1.00      1.00      1.00         1
        6240       0.00      0.00      0.00         1
        6250       0.25      0.20      0.22         5
        6260       0.00      0.00      0.00         2
        6270       0.00      0.00      0.00         0
        6280       0.29      0.40      0.33         5
        6300       0.00      0.00      0.00         0
        6310       1.00      1.00      1.00         1
        6320       0.22      0.50      0.31         4
        6330       0.00      0.00      0.00         0
        6332       0.40      0.33      0.36         6
        6333       0.20      0.29      0.24         7
        6400       0.00      0.00      0.00         0
        6405       0.00      0.00      0.00         2
        6410       0.00      0.00      0.00         1
        6420       0.00      0.00      0.00         2
        6421       0.00      0.00      0.00         1
        6430       0.00      0.00      0.00         3
        6440       0.50      0.50      0.50         2
        6450       0.00      0.00      0.00         3
        6460       0.00      0.00      0.00         2
        6510       0.67      0.67      0.67         3
        6520       0.00      0.00      0.00         5
        6530       0.25      1.00      0.40         1
        6540       0.00      0.00      0.00         0
        6550       0.00      0.00      0.00         1
        6560       0.00      0.00      0.00         2
        7010       0.11      0.50      0.18         4
        7020       0.00      0.00      0.00         3
        7030       0.00      0.00      0.00         0
        7100       1.00      1.00      1.00         2
        7110       0.00      0.00      0.00         1
        7130       0.00      0.00      0.00         0
        7200       0.00      0.00      0.00         4
        7210       0.00      0.00      0.00         4
        7220       0.00      0.00      0.00         5
        7300       0.00      0.00      0.00         1
        7310       0.40      0.67      0.50         3
        7311       0.00      0.00      0.00         1
        7321       0.50      0.50      0.50         2
        7330       0.00      0.00      0.00         1
        7340       0.00      0.00      0.00         2
        7350       0.00      0.00      0.00         2
        7351       0.00      0.00      0.00         1
        7360       0.73      0.89      0.80         9
        7370       0.00      0.00      0.00         3
        7380       0.50      0.50      0.50         2
        7390       0.00      0.00      0.00         3
        7400       0.00      0.00      0.00         1
        7401       0.00      0.00      0.00         1
        7402       0.17      0.38      0.23         8
        7403       0.63      0.52      0.57        23
        7404       0.00      0.00      0.00         2
        7405       0.00      0.00      0.00         0
        7410       0.50      0.50      0.50         2
        7420       0.20      0.20      0.20         5
        7430       0.00      0.00      0.00         2
        7440       0.12      0.40      0.19         5
        7450       0.38      0.42      0.40        12
        7451       0.00      0.00      0.00         3
        7455       0.60      0.75      0.67         4
        7460       1.00      1.00      1.00         1
        7470       0.00      0.00      0.00        19
        7480       0.25      0.14      0.18         7
        7490       1.00      0.50      0.67         2
        7500       0.58      0.41      0.48        17
        7505       0.00      0.00      0.00         0
        7510       0.00      0.00      0.00         1
        7520       0.60      0.50      0.55         6
        7525       0.00      0.00      0.00         2
        7530       1.00      0.17      0.29         6
        7540       0.67      0.50      0.57         4
        7545       0.00      0.00      0.00         5
        7550       0.64      0.69      0.67        13
        7560       0.56      0.56      0.56         9
        7565       0.67      0.57      0.62         7
        7570       0.00      0.00      0.00         1
        7580       0.00      0.00      0.00         1
        7590       0.00      0.00      0.00         2
        7595       0.00      0.00      0.00         1
        7600       0.50      0.70      0.58        10
        7620       0.00      0.00      0.00         2
        7710       0.40      0.67      0.50         3
        7720       0.60      0.60      0.60         5
        7730       0.67      0.80      0.73        10
        7735       0.43      0.50      0.46         6
        7736       0.00      0.00      0.00         3
        7740       0.14      0.33      0.20         6
        7750       0.40      0.50      0.44         4
        7760       0.00      0.00      0.00         2
        7770       1.00      0.67      0.80         3
        7780       1.00      0.25      0.40         4
        7790       0.00      0.00      0.00         0
        7800       0.29      0.33      0.31         6
        7810       1.00      0.50      0.67         2
        7820       0.29      0.40      0.33         5
        7830       1.00      1.00      1.00         1
        7840       0.00      0.00      0.00         1
        7850       1.00      0.67      0.80         3
        7900       0.50      0.25      0.33         4
        8100       0.00      0.00      0.00         1
        8110       0.00      0.00      0.00         0
        8120       0.00      0.00      0.00         1
        8130       0.00      0.00      0.00         4
        8140       0.00      0.00      0.00         7
        8150       1.00      0.50      0.67         4
        8160       0.75      0.38      0.50         8
        8210       0.00      0.00      0.00         2
        8220       1.00      0.50      0.67         6
        8221       0.67      0.50      0.57         4
        8230       0.00      0.00      0.00         2
        8240       0.00      0.00      0.00         1
        8300       1.00      0.33      0.50         9
        8310       0.00      0.00      0.00         1
        8320       0.00      0.00      0.00         2
        8330       0.33      0.50      0.40         2
        8400       0.62      0.50      0.56        10
        8500       0.75      0.43      0.55         7
        8600       0.00      0.00      0.00         2
        8700       0.00      0.00      0.00         1
        8730       0.25      0.50      0.33         2
        8740       1.00      0.33      0.50         3
        8800       0.33      1.00      0.50         1
        8810       1.00      0.67      0.80         3
        8820       0.33      0.67      0.44         3
        8830       0.00      0.00      0.00         1
        8840       0.00      0.00      0.00         1
        8860       0.00      0.00      0.00         2
        8870       0.00      0.00      0.00         1
        9100       0.50      1.00      0.67         1
        9110       0.00      0.00      0.00         3
        9120       0.00      0.00      0.00         0
        9130       0.20      0.50      0.29         2
        9210       0.00      0.00      0.00         1
        9212       0.00      0.00      0.00         1
        9213       0.00      0.00      0.00         0
        9220       0.33      0.14      0.20         7
        9230       0.14      0.10      0.12        10
        9231       0.00      0.00      0.00         0
        9233       0.00      0.00      0.00         0
        9240       0.38      0.60      0.46         5
        9300       0.00      0.00      0.00         1
        9311       0.29      0.33      0.31         6
        9312       0.00      0.00      0.00         4
        9313       1.00      1.00      1.00         1
        9314       1.00      0.50      0.67         2
        9315       0.17      0.50      0.25         4
        9316       0.00      0.00      0.00         1
        9320       0.50      0.20      0.29         5
        9330       0.00      0.00      0.00         1
        9350       0.00      0.00      0.00         1
        9360       1.00      1.00      1.00         1
        9370       0.00      0.00      0.00         1
        9400       0.33      0.43      0.38         7
        9500       0.44      0.50      0.47         8
        9510       0.00      0.00      0.00         0
        9520       0.00      0.00      0.00         0
        9600       0.50      0.78      0.61         9
        9700       0.00      0.00      0.00         1
        9800       0.27      0.25      0.26        16

    accuracy                           0.38      1000
   macro avg       0.30      0.30      0.27      1000
weighted avg       0.43      0.38      0.38      1000


======================================================================
Classification Report - OHNE Lemma (nn_char_wb_ml1_sw0_20260619_123738.pkl)
======================================================================
              precision    recall  f1-score   support

           0       0.00      0.00      0.00         0
        1130       0.00      0.00      0.00         1
        1140       0.00      0.00      0.00         1
        1220       0.00      0.00      0.00         2
        1230       0.27      0.75      0.40         4
        1300       0.00      0.00      0.00         0
        2100       0.75      1.00      0.86         3
        2200       0.50      0.67      0.57         9
        2300       0.00      0.00      0.00         2
        2600       0.14      0.25      0.18         4
        2700       0.44      0.57      0.50         7
        2800       0.17      0.33      0.22         3
        3000       0.00      0.00      0.00         0
        3010       0.00      0.00      0.00         0
        3020       0.00      0.00      0.00         3
        3100       0.33      0.50      0.40         2
        3110       0.40      0.33      0.36         6
        3120       0.75      0.30      0.43        10
        3130       0.00      0.00      0.00         0
        3200       0.00      0.00      0.00         0
        3210       0.00      0.00      0.00         1
        3220       0.00      0.00      0.00         1
        3330       1.00      1.00      1.00         1
        3400       0.40      0.17      0.24        12
        3500       0.44      0.29      0.35        14
        3510       0.33      1.00      0.50         1
        3600       0.00      0.00      0.00         2
        3700       0.00      0.00      0.00         2
        3800       0.50      0.33      0.40         3
        3900       0.00      0.00      0.00         1
        4000       0.00      0.00      0.00         0
        4010       0.00      0.00      0.00         0
        4020       0.00      0.00      0.00         0
        4030       1.00      0.50      0.67         2
        4110       0.00      0.00      0.00         1
        4111       0.38      0.38      0.38         8
        4112       0.33      0.10      0.15        10
        4113       0.20      0.50      0.29         2
        4114       0.50      1.00      0.67         2
        4115       0.00      0.00      0.00         1
        4117       0.25      0.33      0.29         3
        4118       0.00      0.00      0.00         0
        4120       1.00      0.50      0.67         2
        4130       0.33      1.00      0.50         1
        4200       0.67      1.00      0.80         2
        4210       0.50      0.75      0.60         4
        4230       0.00      0.00      0.00         1
        4240       0.50      0.71      0.59         7
        4310       0.00      0.00      0.00         1
        4320       0.00      0.00      0.00         1
        4400       0.00      0.00      0.00         1
        4500       0.00      0.00      0.00         1
        4600       0.00      0.00      0.00         0
        4700       1.00      0.27      0.43        11
        5120       0.25      0.14      0.18         7
        5121       0.00      0.00      0.00         0
        5122       0.00      0.00      0.00         1
        5123       0.00      0.00      0.00         1
        5124       0.00      0.00      0.00         1
        5130       0.00      0.00      0.00         1
        5140       0.00      0.00      0.00         1
        5141       1.00      0.50      0.67         2
        5142       0.00      0.00      0.00         0
        5144       0.00      0.00      0.00         1
        5146       0.00      0.00      0.00         0
        5150       0.00      0.00      0.00         1
        5160       0.00      0.00      0.00         3
        5164       0.00      0.00      0.00         0
        5165       0.50      1.00      0.67         1
        5170       0.00      0.00      0.00         0
        5171       0.00      0.00      0.00         0
        5200       0.40      0.50      0.44         8
        5210       0.29      0.41      0.34        17
        5220       0.00      0.00      0.00         0
        5230       1.00      1.00      1.00         1
        5240       0.00      0.00      0.00         0
        5300       0.00      0.00      0.00         1
        5320       0.00      0.00      0.00         1
        5330       0.00      0.00      0.00         0
        5340       0.38      0.71      0.50         7
        5350       0.00      0.00      0.00         3
        5360       0.67      0.33      0.44         6
        5400       0.25      1.00      0.40         1
        5410       0.00      0.00      0.00         1
        5420       0.00      0.00      0.00         1
        5430       0.00      0.00      0.00         2
        5440       0.50      1.00      0.67         1
        5450       0.00      0.00      0.00         1
        5500       0.00      0.00      0.00         5
        5510       0.00      0.00      0.00         1
        5520       0.43      0.33      0.38        18
        5521       0.25      0.25      0.25         4
        5530       0.25      0.20      0.22        10
        5531       0.00      0.00      0.00         1
        5532       0.50      0.25      0.33         4
        5533       0.50      0.33      0.40         3
        5540       0.33      1.00      0.50         1
        5550       0.00      0.00      0.00         4
        5560       0.40      0.33      0.36         6
        5570       0.00      0.00      0.00         1
        5600       0.00      0.00      0.00         2
        5700       0.39      0.58      0.47        12
        5800       0.00      0.00      0.00         0
        5830       1.00      0.20      0.33         5
        5840       0.00      0.00      0.00         0
        5850       0.00      0.00      0.00         0
        5870       0.25      1.00      0.40         1
        5900       0.00      0.00      0.00         1
        5910       0.33      0.29      0.31        17
        5911       0.35      0.45      0.39        20
        5920       0.42      0.71      0.53         7
        5921       1.00      1.00      1.00         1
        5925       1.00      0.60      0.75         5
        5930       0.00      0.00      0.00         2
        5931       0.14      0.25      0.18         4
        5932       0.57      0.33      0.42        12
        5933       0.50      0.40      0.44         5
        5934       1.00      0.50      0.67         6
        5936       0.50      1.00      0.67         2
        5937       0.67      0.50      0.57         4
        5938       0.50      0.50      0.50         2
        5940       0.47      0.78      0.58         9
        6100       0.00      0.00      0.00         0
        6110       0.11      0.14      0.12         7
        6111       0.50      0.50      0.50         2
        6112       0.50      0.33      0.40         3
        6114       0.29      0.67      0.40         3
        6116       0.00      0.00      0.00         4
        6117       0.67      0.33      0.44         6
        6118       0.00      0.00      0.00         0
        6120       0.00      0.00      0.00         0
        6122       0.00      0.00      0.00         1
        6124       0.00      0.00      0.00         2
        6126       0.00      0.00      0.00         2
        6127       0.00      0.00      0.00         1
        6129       0.00      0.00      0.00         0
        6130       0.00      0.00      0.00         1
        6132       1.00      1.00      1.00         2
        6134       1.00      0.75      0.86         4
        6135       1.00      0.33      0.50         3
        6136       0.00      0.00      0.00         1
        6137       0.00      0.00      0.00         1
        6200       0.00      0.00      0.00         0
        6210       0.00      0.00      0.00         0
        6230       0.50      1.00      0.67         1
        6240       0.00      0.00      0.00         1
        6250       0.00      0.00      0.00         5
        6260       0.00      0.00      0.00         2
        6270       0.00      0.00      0.00         0
        6280       0.00      0.00      0.00         5
        6300       0.00      0.00      0.00         0
        6310       0.00      0.00      0.00         1
        6320       0.25      0.50      0.33         4
        6330       0.00      0.00      0.00         0
        6332       0.18      0.33      0.24         6
        6333       0.29      0.29      0.29         7
        6400       0.00      0.00      0.00         0
        6405       0.00      0.00      0.00         2
        6410       0.00      0.00      0.00         1
        6415       0.00      0.00      0.00         0
        6420       0.00      0.00      0.00         2
        6421       0.00      0.00      0.00         1
        6430       0.00      0.00      0.00         3
        6440       0.00      0.00      0.00         2
        6450       0.00      0.00      0.00         3
        6460       0.00      0.00      0.00         2
        6510       0.22      0.67      0.33         3
        6520       0.00      0.00      0.00         5
        6530       0.50      1.00      0.67         1
        6540       0.00      0.00      0.00         0
        6550       0.00      0.00      0.00         1
        6560       0.00      0.00      0.00         2
        7010       0.09      0.25      0.13         4
        7011       0.00      0.00      0.00         0
        7012       0.00      0.00      0.00         0
        7020       0.00      0.00      0.00         3
        7030       0.00      0.00      0.00         0
        7100       0.50      1.00      0.67         2
        7110       0.00      0.00      0.00         1
        7120       0.00      0.00      0.00         0
        7130       0.00      0.00      0.00         0
        7200       0.00      0.00      0.00         4
        7210       0.00      0.00      0.00         4
        7220       0.00      0.00      0.00         5
        7300       0.00      0.00      0.00         1
        7310       0.25      0.67      0.36         3
        7311       0.00      0.00      0.00         1
        7321       0.00      0.00      0.00         2
        7330       0.00      0.00      0.00         1
        7340       0.00      0.00      0.00         2
        7350       0.00      0.00      0.00         2
        7351       0.00      0.00      0.00         1
        7360       0.67      0.44      0.53         9
        7370       0.00      0.00      0.00         3
        7380       0.00      0.00      0.00         2
        7390       0.00      0.00      0.00         3
        7400       0.00      0.00      0.00         1
        7401       0.00      0.00      0.00         1
        7402       0.33      0.38      0.35         8
        7403       0.78      0.30      0.44        23
        7404       1.00      0.50      0.67         2
        7405       0.00      0.00      0.00         0
        7410       0.33      0.50      0.40         2
        7420       0.29      0.40      0.33         5
        7430       0.00      0.00      0.00         2
        7440       0.29      0.40      0.33         5
        7450       0.25      0.25      0.25        12
        7451       0.00      0.00      0.00         3
        7455       0.20      0.25      0.22         4
        7460       0.00      0.00      0.00         1
        7470       0.00      0.00      0.00        19
        7480       0.00      0.00      0.00         7
        7490       1.00      0.50      0.67         2
        7500       0.20      0.12      0.15        17
        7501       0.00      0.00      0.00         0
        7505       0.00      0.00      0.00         0
        7510       0.00      0.00      0.00         1
        7520       0.50      0.33      0.40         6
        7525       0.00      0.00      0.00         2
        7530       0.40      0.33      0.36         6
        7540       1.00      0.25      0.40         4
        7545       0.00      0.00      0.00         5
        7550       0.71      0.38      0.50        13
        7560       0.44      0.44      0.44         9
        7565       1.00      0.29      0.44         7
        7570       0.50      1.00      0.67         1
        7580       0.00      0.00      0.00         1
        7590       0.50      0.50      0.50         2
        7595       0.00      0.00      0.00         1
        7600       0.67      0.60      0.63        10
        7610       0.00      0.00      0.00         0
        7620       0.00      0.00      0.00         2
        7710       0.20      0.33      0.25         3
        7720       0.50      0.60      0.55         5
        7730       0.57      0.40      0.47        10
        7735       1.00      0.33      0.50         6
        7736       0.00      0.00      0.00         3
        7740       0.20      0.17      0.18         6
        7750       0.67      0.50      0.57         4
        7760       0.00      0.00      0.00         2
        7770       0.67      0.67      0.67         3
        7780       0.00      0.00      0.00         4
        7790       0.00      0.00      0.00         0
        7800       0.33      0.17      0.22         6
        7810       0.00      0.00      0.00         2
        7820       0.40      0.40      0.40         5
        7830       0.00      0.00      0.00         1
        7840       0.00      0.00      0.00         1
        7850       0.00      0.00      0.00         3
        7900       0.33      0.25      0.29         4
        8100       0.00      0.00      0.00         1
        8120       0.00      0.00      0.00         1
        8130       0.00      0.00      0.00         4
        8140       0.00      0.00      0.00         7
        8150       0.00      0.00      0.00         4
        8160       0.00      0.00      0.00         8
        8200       0.00      0.00      0.00         0
        8210       0.00      0.00      0.00         2
        8220       0.33      0.17      0.22         6
        8221       0.33      0.25      0.29         4
        8230       0.00      0.00      0.00         2
        8240       0.00      0.00      0.00         1
        8300       1.00      0.11      0.20         9
        8310       0.00      0.00      0.00         1
        8320       0.00      0.00      0.00         2
        8330       0.33      0.50      0.40         2
        8400       0.29      0.20      0.24        10
        8500       0.50      0.14      0.22         7
        8600       0.00      0.00      0.00         2
        8700       0.00      0.00      0.00         1
        8730       0.00      0.00      0.00         2
        8740       1.00      0.33      0.50         3
        8800       0.33      1.00      0.50         1
        8810       0.50      0.33      0.40         3
        8820       1.00      0.33      0.50         3
        8830       0.00      0.00      0.00         1
        8840       0.00      0.00      0.00         1
        8860       0.00      0.00      0.00         2
        8870       0.00      0.00      0.00         1
        9100       0.33      1.00      0.50         1
        9110       0.00      0.00      0.00         3
        9120       0.00      0.00      0.00         0
        9130       0.00      0.00      0.00         2
        9200       0.00      0.00      0.00         0
        9210       0.00      0.00      0.00         1
        9212       0.00      0.00      0.00         1
        9220       0.00      0.00      0.00         7
        9230       0.17      0.10      0.12        10
        9231       0.00      0.00      0.00         0
        9233       0.00      0.00      0.00         0
        9235       0.00      0.00      0.00         0
        9240       0.18      0.40      0.25         5
        9300       0.00      0.00      0.00         1
        9310       0.00      0.00      0.00         0
        9311       0.07      0.17      0.10         6
        9312       0.00      0.00      0.00         4
        9313       0.25      1.00      0.40         1
        9314       0.00      0.00      0.00         2
        9315       0.33      0.25      0.29         4
        9316       0.00      0.00      0.00         1
        9320       0.33      0.20      0.25         5
        9330       0.00      0.00      0.00         1
        9350       0.00      0.00      0.00         1
        9360       0.00      0.00      0.00         1
        9370       0.00      0.00      0.00         1
        9400       0.25      0.57      0.35         7
        9500       0.40      0.25      0.31         8
        9510       0.00      0.00      0.00         0
        9600       0.56      0.56      0.56         9
        9700       0.00      0.00      0.00         1
        9800       0.10      0.19      0.13        16

    accuracy                           0.28      1000
   macro avg       0.20      0.20      0.18      1000
weighted avg       0.34      0.28      0.28      1000
