              precision    recall  f1-score   support

           0       0.79      0.88      0.84        26
        1000       0.22      0.20      0.21        10
        1100       0.19      0.43      0.26         7
        1110       0.00      0.00      0.00         3
        1120       0.24      0.45      0.31        22
        1130       0.61      0.70      0.65        57
        1140       0.28      0.38      0.32        40
        1220       1.00      1.00      1.00         2
        1230       0.87      0.88      0.88        93
        1240       0.83      0.71      0.77         7
        1300       0.50      0.43      0.46         7
        2000       0.00      0.00      0.00         2
        2100       0.81      0.90      0.85        69
        2200       0.94      0.91      0.92       215
        2300       0.92      0.92      0.92        25
        2400       0.81      0.71      0.76        31
        2490       1.00      1.00      1.00         1
        2500       0.64      0.69      0.67        13
        2600       0.89      0.85      0.87        40
        2700       0.86      0.84      0.85       122
        2800       0.61      0.74      0.67        34
        2900       0.00      0.00      0.00         2
        2910       0.88      0.88      0.88        17
        3000       0.00      0.00      0.00         4
        3010       0.81      0.88      0.85        50
        3020       0.53      0.78      0.63        27
        3100       0.82      0.78      0.80        36
        3110       0.93      0.95      0.94       122
        3120       0.89      0.90      0.89        87
        3130       0.59      0.67      0.63        24
        3200       0.78      0.64      0.70        11
        3210       0.95      0.94      0.94        79
        3220       1.00      1.00      1.00         1
        3300       0.71      0.62      0.67        16
        3310       1.00      1.00      1.00         2
        3320       0.75      1.00      0.86         3
        3330       0.57      0.80      0.67         5
        3340       0.71      0.80      0.75        15
        3400       0.87      0.94      0.91       107
        3500       0.91      0.86      0.88       144
        3510       0.99      1.00      0.99        96
        3600       0.00      0.00      0.00         3
        3700       0.79      1.00      0.88        19
        3800       0.88      0.81      0.85        27
        3900       0.83      0.86      0.84        28
        4000       0.78      0.78      0.78        18
        4010       0.91      0.78      0.84        55
        4020       0.95      0.85      0.90       123
        4030       0.73      0.89      0.80         9
        4100       0.33      0.50      0.40         6
        4110       0.56      0.66      0.60        29
        4111       0.95      0.93      0.94       197
        4112       0.90      0.94      0.92        47
        4113       0.95      0.94      0.95       157
        4114       0.96      0.94      0.95        94
        4115       0.95      0.93      0.94        89
        4116       0.79      0.95      0.86        43
        4117       0.91      1.00      0.95        50
        4118       1.00      1.00      1.00         1
        4120       0.78      0.88      0.82        24
        4130       0.80      0.81      0.80        43
        4140       0.00      0.00      0.00         1
        4150       0.57      0.80      0.67         5
        4200       0.81      0.79      0.80        38
        4210       0.83      0.91      0.87        47
        4220       0.67      1.00      0.80         4
        4230       0.00      0.00      0.00         1
        4240       0.91      0.93      0.92       182
        4250       0.33      0.50      0.40         2
        4300       0.94      1.00      0.97        17
        4310       0.56      0.62      0.59         8
        4320       1.00      1.00      1.00         1
        4400       0.88      0.97      0.92        31
        4500       0.83      0.71      0.77         7
        4600       1.00      0.94      0.97        16
        4700       0.94      0.95      0.95       103
        4900       0.00      0.00      0.00         1
        5000       0.25      0.40      0.31         5
        5110       0.55      0.75      0.63         8
        5120       0.93      0.95      0.94       107
        5121       1.00      1.00      1.00        12
        5122       0.75      1.00      0.86         3
        5123       0.40      0.50      0.44         4
        5124       1.00      0.67      0.80         3
        5125       0.00      0.00      0.00         1
        5126       0.00      0.00      0.00         1
        5127       0.71      1.00      0.83         5
        5130       0.78      0.93      0.85        27
        5140       0.90      0.95      0.92        56
        5141       0.96      0.98      0.97        46
        5142       1.00      1.00      1.00        87
        5143       1.00      0.91      0.95        22
        5145       0.95      1.00      0.98        41
        5146       0.84      0.94      0.89        33
        5147       0.00      0.00      0.00         1
        5150       0.75      0.71      0.73        17
        5154       1.00      1.00      1.00         2
        5160       0.89      0.82      0.85        50
        5161       0.00      0.00      0.00         1
        5162       1.00      1.00      1.00        34
        5163       0.96      1.00      0.98        24
        5164       1.00      0.94      0.97        32
        5165       1.00      0.50      0.67         2
        5166       0.73      0.73      0.73        11
        5167       0.36      0.62      0.45         8
        5170       0.54      0.64      0.58        22
        5171       0.95      0.98      0.96        54
        5172       0.95      1.00      0.97        53
        5173       0.80      0.80      0.80        10
        5174       0.54      0.70      0.61        10
        5200       0.83      0.85      0.84       160
        5210       0.90      0.86      0.88       330
        5220       0.75      0.79      0.77        19
        5230       0.76      0.78      0.77        58
        5240       0.67      0.83      0.74        12
        5300       0.50      0.50      0.50         4
        5310       0.93      0.95      0.94        60
        5320       0.60      0.82      0.69        11
        5330       0.84      0.86      0.85        36
        5332       1.00      1.00      1.00         9
        5333       1.00      1.00      1.00         1
        5340       0.90      0.88      0.89       133
        5350       0.86      0.95      0.90        95
        5360       0.88      0.83      0.85       174
        5400       0.60      0.30      0.40        10
        5410       0.77      0.79      0.78        72
        5420       0.73      0.88      0.80        66
        5430       0.77      0.93      0.84        43
        5440       0.71      0.96      0.81        23
        5450       0.33      0.86      0.48         7
        5500       0.50      0.65      0.57        23
        5510       0.86      0.93      0.89        41
        5520       0.68      0.71      0.70       103
        5521       0.87      0.88      0.88       104
        5530       0.83      0.82      0.83       173
        5531       0.56      0.82      0.67        11
        5532       0.69      0.65      0.67        37
        5533       0.86      0.83      0.84        29
        5540       0.47      0.58      0.52        33
        5550       0.70      0.73      0.72        60
        5560       0.90      0.93      0.91       125
        5570       0.88      0.82      0.84        60
        5600       0.83      0.90      0.86        89
        5700       0.93      0.80      0.86       267
        5800       0.36      0.44      0.40         9
        5810       1.00      0.50      0.67         4
        5820       0.69      0.82      0.75        11
        5830       0.95      0.96      0.96       106
        5840       0.44      0.50      0.47        16
        5841       0.67      1.00      0.80         2
        5850       0.00      0.00      0.00         2
        5860       0.62      0.89      0.73         9
        5870       0.80      0.95      0.86        37
        5900       0.00      0.00      0.00         3
        5910       0.92      0.79      0.85       378
        5911       0.98      0.92      0.95       504
        5920       0.89      0.91      0.90       232
        5921       0.93      0.97      0.95        95
        5925       0.89      0.85      0.87        60
        5930       0.80      0.69      0.75       118
        5931       0.20      0.20      0.20        10
        5932       0.86      0.92      0.89       111
        5933       0.90      0.94      0.92        68
        5934       0.76      0.68      0.72        28
        5935       0.85      0.94      0.89        18
        5936       0.97      0.99      0.98       146
        5937       0.93      1.00      0.96        62
        5938       0.90      1.00      0.95        18
        5940       0.91      0.92      0.91       263
        6000       0.00      0.00      0.00         2
        6100       1.00      0.57      0.73         7
        6110       0.87      0.86      0.86       210
        6111       0.85      0.82      0.84       140
        6112       0.94      0.87      0.90        68
        6113       0.75      0.67      0.71         9
        6114       0.94      0.90      0.92       123
        6115       0.00      0.00      0.00         1
        6116       0.93      0.83      0.87       134
        6117       0.91      0.87      0.89       140
        6118       0.77      0.86      0.81        58
        6119       0.93      0.95      0.94       104
        6120       0.80      0.74      0.77        38
        6121       0.99      0.96      0.97        89
        6122       0.43      0.60      0.50         5
        6123       0.50      0.50      0.50         2
        6124       0.60      0.50      0.55         6
        6125       0.75      0.75      0.75         4
        6126       0.93      0.97      0.95       112
        6127       0.30      0.38      0.33         8
        6128       0.00      0.00      0.00         3
        6129       0.71      0.62      0.67         8
        6130       0.68      0.63      0.66        30
        6131       0.95      0.97      0.96        58
        6132       0.67      0.91      0.77        11
        6133       0.50      0.33      0.40         3
        6134       0.91      0.94      0.93        53
        6135       0.97      0.98      0.97       119
        6136       0.91      0.91      0.91        69
        6137       0.43      0.33      0.38         9
        6138       0.33      1.00      0.50         2
        6139       0.97      0.90      0.94        42
        6200       0.43      0.43      0.43        28
        6210       0.42      0.62      0.50        26
        6220       0.00      0.00      0.00         1
        6230       0.89      0.86      0.88        29
        6240       0.20      0.25      0.22         4
        6250       0.42      0.50      0.46        48
        6260       0.47      0.47      0.47        40
        6270       0.63      0.59      0.61        54
        6280       0.69      0.64      0.67       140
        6290       0.00      0.00      0.00         1
        6300       0.55      0.53      0.54        34
        6310       0.58      0.50      0.54        28
        6320       0.94      0.89      0.91       377
        6330       0.35      0.38      0.36        21
        6332       0.92      0.84      0.88       212
        6333       0.97      0.90      0.93       578
        6400       0.72      0.85      0.78        33
        6405       0.53      0.64      0.58        42
        6410       0.49      0.59      0.53        29
        6415       0.96      0.98      0.97        54
        6420       0.44      0.52      0.48        86
        6421       0.52      0.49      0.51        47
        6430       0.64      0.67      0.66       131
        6440       0.73      0.71      0.72        87
        6450       0.36      0.50      0.42        28
        6460       0.55      0.67      0.60        57
        6500       0.89      0.80      0.84        10
        6510       0.37      0.39      0.38        33
        6520       0.27      0.57      0.36         7
        6530       0.84      0.87      0.85        84
        6540       0.76      0.71      0.74        63
        6550       0.42      0.48      0.45        23
        6560       0.58      0.52      0.55        27
        7000       0.25      0.25      0.25         8
        7010       0.86      0.76      0.80       168
        7011       0.82      0.89      0.85        55
        7012       0.84      0.89      0.86        18
        7020       0.66      0.67      0.67        46
        7030       0.76      0.85      0.81        34
        7070       0.00      0.00      0.00         0
        7100       0.95      0.83      0.88        64
        7110       0.99      0.99      0.99       279
        7120       0.94      0.91      0.92        33
        7130       0.50      0.29      0.36         7
        7200       0.79      0.75      0.77       146
        7210       0.91      0.90      0.91       114
        7220       0.79      0.72      0.76        47
        7300       0.62      0.63      0.63        41
        7310       0.63      0.76      0.69        41
        7311       0.89      0.89      0.89        27
        7320       1.00      1.00      1.00         1
        7321       0.84      0.93      0.88        82
        7322       0.93      1.00      0.97        28
        7323       1.00      0.80      0.89         5
        7330       0.67      0.60      0.63        30
        7340       0.96      0.96      0.96        69
        7350       0.93      0.87      0.90        61
        7351       0.60      0.60      0.60        10
        7360       0.98      0.96      0.97       245
        7370       0.00      0.00      0.00         2
        7380       1.00      0.90      0.95        20
        7390       0.89      0.96      0.93        26
        7400       0.71      0.63      0.67        35
        7401       0.72      0.78      0.75        23
        7402       0.94      0.95      0.95       311
        7403       0.96      0.95      0.95       275
        7404       0.95      1.00      0.97        39
        7405       0.98      0.99      0.98       195
        7410       0.85      0.96      0.90        69
        7420       0.85      0.89      0.87       160
        7430       0.94      0.89      0.92       299
        7440       0.96      0.91      0.94       489
        7450       0.93      0.86      0.89       274
        7451       0.00      0.00      0.00         1
        7455       0.84      0.95      0.89        94
        7460       0.90      0.75      0.82        12
        7470       0.86      0.86      0.86        14
        7475       0.00      0.00      0.00         0
        7480       0.92      0.90      0.91       105
        7490       0.75      0.82      0.78        11
        7500       0.73      0.60      0.66        92
        7501       0.70      0.50      0.58        14
        7505       0.88      0.90      0.89        31
        7510       0.60      0.63      0.62        19
        7520       0.87      0.79      0.82        84
        7530       0.90      0.90      0.90        41
        7540       0.96      0.93      0.95        28
        7545       0.87      0.95      0.91        61
        7546       0.93      1.00      0.96        13
        7550       0.93      0.93      0.93       258
        7560       0.83      0.91      0.87       128
        7565       0.91      0.91      0.91       117
        7567       0.00      0.00      0.00         1
        7570       0.93      1.00      0.96        25
        7580       0.65      0.85      0.73        13
        7590       0.83      0.71      0.77         7
        7595       0.33      0.44      0.38         9
        7600       0.84      0.82      0.83       153
        7610       0.82      0.90      0.86        10
        7620       0.75      0.60      0.67        15
        7700       0.50      0.54      0.52        13
        7710       0.89      0.71      0.79        48
        7720       0.86      0.93      0.90       135
        7721       1.00      0.97      0.98        31
        7730       0.90      0.92      0.91        91
        7735       0.93      0.87      0.90       176
        7736       0.96      0.91      0.94        58
        7740       0.91      0.92      0.91       325
        7750       0.89      0.92      0.91        63
        7760       0.59      0.71      0.65        14
        7770       0.92      0.96      0.94        73
        7780       0.83      0.80      0.81        49
        7790       0.84      0.88      0.86        41
        7800       0.81      0.85      0.83        81
        7810       0.86      0.89      0.87        73
        7820       0.88      0.85      0.86        93
        7830       0.94      0.89      0.92        19
        7840       0.91      1.00      0.95        10
        7850       0.83      0.77      0.80        13
        7900       0.91      0.88      0.89        57
        8000       0.00      0.00      0.00         0
        8100       0.75      0.60      0.67        10
        8110       0.50      0.60      0.55         5
        8120       0.00      0.00      0.00         3
        8130       0.73      0.93      0.82        41
        8140       0.93      0.93      0.93        42
        8150       0.86      0.97      0.92        39
        8160       0.89      0.82      0.86        72
        8200       0.50      0.50      0.50         4
        8210       0.50      0.50      0.50         6
        8220       0.83      0.87      0.85        39
        8221       0.90      0.75      0.82        24
        8222       0.50      1.00      0.67         1
        8230       0.50      0.33      0.40         3
        8240       0.33      1.00      0.50         1
        8300       0.85      0.69      0.76        32
        8310       0.60      0.82      0.69        11
        8320       0.92      0.92      0.92        24
        8330       0.75      0.79      0.77        38
        8400       0.98      0.91      0.94       216
        8410       0.00      0.00      0.00         1
        8500       0.72      0.67      0.70        58
        8600       0.44      0.80      0.57         5
        8700       0.88      0.58      0.70        12
        8720       0.60      0.60      0.60         5
        8730       0.84      0.87      0.85        47
        8740       0.91      0.67      0.77        15
        8800       0.58      0.54      0.56        13
        8810       0.66      0.63      0.64        30
        8820       0.50      0.55      0.52        29
        8830       0.75      0.56      0.64        16
        8840       0.58      0.74      0.65        19
        8850       0.72      0.82      0.77        22
        8860       0.14      0.14      0.14         7
        8870       0.50      0.50      0.50         2
        9000       0.00      0.00      0.00         3
        9100       0.31      0.46      0.37        24
        9110       0.50      0.60      0.55         5
        9120       0.30      0.44      0.36        32
        9130       0.54      0.51      0.53        61
        9200       0.22      0.35      0.27        23
        9210       0.57      0.55      0.56        53
        9211       0.38      0.60      0.46         5
        9212       1.00      1.00      1.00         2
        9213       0.67      1.00      0.80         4
        9214       0.00      0.00      0.00         2
        9220       0.54      0.65      0.59        51
        9230       0.64      0.64      0.64       112
        9231       0.63      0.84      0.72        38
        9233       0.63      0.86      0.73        42
        9235       0.68      0.94      0.79        18
        9240       0.62      0.49      0.55       165
        9300       0.47      0.62      0.54        40
        9310       0.48      0.50      0.49        28
        9311       0.58      0.61      0.60        97
        9312       0.60      0.57      0.58        79
        9313       0.35      0.58      0.44        12
        9314       0.39      0.52      0.45        25
        9315       0.57      0.56      0.57       105
        9316       0.21      0.38      0.27         8
        9320       0.58      0.67      0.62        69
        9325       0.00      0.00      0.00         0
        9330       0.60      0.57      0.58        70
        9340       0.00      0.00      0.00         1
        9350       0.57      0.67      0.62        12
        9360       0.75      0.60      0.67         5
        9370       1.00      1.00      1.00         5
        9400       0.71      0.60      0.65       253
        9500       0.67      0.62      0.64       113
        9510       0.68      0.74      0.71        35
        9520       0.56      0.41      0.47        22
        9600       0.91      0.84      0.87       240
        9700       0.58      0.75      0.65        20
        9710       0.33      0.33      0.33         3
        9720       0.00      0.00      0.00         3
        9800       0.72      0.56      0.63       239
        9900       0.33      0.50      0.40         2

    accuracy                           0.84     22622
   macro avg       0.69      0.71      0.69     22622
weighted avg       0.84      0.84      0.84     22622
