              precision    recall  f1-score   support

           0       0.85      0.85      0.85        26
        1000       0.00      0.00      0.00        10
        1100       0.50      0.29      0.36         7
        1110       0.00      0.00      0.00         3
        1120       0.23      0.45      0.31        22
        1130       0.52      0.49      0.50        57
        1140       0.26      0.23      0.24        40
        1220       1.00      0.50      0.67         2
        1230       0.85      0.80      0.82        93
        1240       1.00      0.57      0.73         7
        1300       0.13      0.29      0.18         7
        2000       0.00      0.00      0.00         2
        2100       0.91      0.86      0.88        69
        2200       0.87      0.91      0.89       215
        2300       1.00      0.88      0.94        25
        2400       0.81      0.68      0.74        31
        2490       1.00      1.00      1.00         1
        2500       0.62      0.62      0.62        13
        2600       0.85      0.85      0.85        40
        2700       0.82      0.80      0.81       122
        2800       0.61      0.74      0.67        34
        2900       0.00      0.00      0.00         2
        2910       0.93      0.82      0.88        17
        3000       0.00      0.00      0.00         4
        3010       0.71      0.82      0.76        50
        3020       0.44      0.30      0.36        27
        3100       0.76      0.69      0.72        36
        3110       0.94      0.90      0.92       122
        3120       0.90      0.87      0.89        87
        3130       0.41      0.58      0.48        24
        3200       0.75      0.55      0.63        11
        3210       0.95      0.94      0.94        79
        3220       0.00      0.00      0.00         1
        3300       0.90      0.56      0.69        16
        3310       1.00      1.00      1.00         2
        3320       1.00      1.00      1.00         3
        3330       0.25      0.20      0.22         5
        3340       0.86      0.80      0.83        15
        3400       0.84      0.91      0.87       107
        3500       0.96      0.82      0.88       144
        3510       1.00      0.99      0.99        96
        3600       0.00      0.00      0.00         3
        3700       0.75      0.79      0.77        19
        3800       0.87      0.74      0.80        27
        3900       0.82      0.82      0.82        28
        4000       0.62      0.44      0.52        18
        4010       0.76      0.69      0.72        55
        4020       0.94      0.85      0.89       123
        4030       1.00      0.89      0.94         9
        4100       0.00      0.00      0.00         6
        4110       0.41      0.55      0.47        29
        4111       0.94      0.91      0.93       197
        4112       0.89      0.89      0.89        47
        4113       0.92      0.90      0.91       157
        4114       0.96      0.90      0.93        94
        4115       0.87      0.93      0.90        89
        4116       0.74      0.93      0.82        43
        4117       0.88      0.88      0.88        50
        4118       1.00      1.00      1.00         1
        4120       0.73      0.79      0.76        24
        4130       0.94      0.67      0.78        43
        4140       0.00      0.00      0.00         1
        4150       0.50      0.20      0.29         5
        4200       0.82      0.74      0.78        38
        4210       0.95      0.74      0.83        47
        4220       0.50      0.50      0.50         4
        4230       0.00      0.00      0.00         1
        4240       0.91      0.92      0.91       182
        4250       1.00      0.50      0.67         2
        4300       1.00      0.88      0.94        17
        4310       0.83      0.62      0.71         8
        4320       0.00      0.00      0.00         1
        4400       0.97      0.90      0.93        31
        4500       1.00      0.57      0.73         7
        4600       1.00      0.94      0.97        16
        4700       0.90      0.88      0.89       103
        4900       0.00      0.00      0.00         1
        5000       0.12      0.20      0.15         5
        5110       1.00      0.38      0.55         8
        5120       0.79      0.94      0.86       107
        5121       1.00      0.92      0.96        12
        5122       0.00      0.00      0.00         3
        5123       0.00      0.00      0.00         4
        5124       0.67      0.67      0.67         3
        5125       0.00      0.00      0.00         1
        5126       0.00      0.00      0.00         1
        5127       0.57      0.80      0.67         5
        5130       0.72      0.96      0.83        27
        5140       0.95      0.96      0.96        56
        5141       0.92      0.98      0.95        46
        5142       0.98      1.00      0.99        87
        5143       1.00      0.91      0.95        22
        5145       1.00      1.00      1.00        41
        5146       0.86      0.91      0.88        33
        5147       0.00      0.00      0.00         1
        5150       0.75      0.71      0.73        17
        5154       1.00      0.50      0.67         2
        5160       0.91      0.84      0.88        50
        5161       0.00      0.00      0.00         1
        5162       1.00      1.00      1.00        34
        5163       1.00      1.00      1.00        24
        5164       1.00      0.91      0.95        32
        5165       1.00      1.00      1.00         2
        5166       0.75      0.55      0.63        11
        5167       0.31      0.50      0.38         8
        5170       0.75      0.55      0.63        22
        5171       0.98      0.96      0.97        54
        5172       1.00      0.98      0.99        53
        5173       0.80      0.80      0.80        10
        5174       0.43      0.30      0.35        10
        5200       0.80      0.75      0.77       160
        5210       0.70      0.88      0.78       330
        5220       0.71      0.53      0.61        19
        5230       0.77      0.76      0.77        58
        5240       0.82      0.75      0.78        12
        5300       0.00      0.00      0.00         4
        5310       0.90      0.95      0.93        60
        5320       0.89      0.73      0.80        11
        5330       0.90      0.75      0.82        36
        5332       1.00      1.00      1.00         9
        5333       1.00      1.00      1.00         1
        5340       0.67      0.86      0.75       133
        5350       0.91      0.89      0.90        95
        5360       0.84      0.83      0.83       174
        5400       0.38      0.30      0.33        10
        5410       0.68      0.72      0.70        72
        5420       0.84      0.65      0.74        66
        5430       0.81      0.91      0.86        43
        5440       0.69      0.87      0.77        23
        5450       0.80      0.57      0.67         7
        5500       0.57      0.57      0.57        23
        5510       0.95      0.93      0.94        41
        5520       0.57      0.66      0.61       103
        5521       0.81      0.85      0.83       104
        5530       0.76      0.79      0.77       173
        5531       0.46      0.55      0.50        11
        5532       0.48      0.62      0.54        37
        5533       0.92      0.76      0.83        29
        5540       0.71      0.36      0.48        33
        5550       0.76      0.63      0.69        60
        5560       0.88      0.91      0.90       125
        5570       0.84      0.80      0.82        60
        5600       0.80      0.88      0.84        89
        5700       0.85      0.75      0.79       267
        5800       0.33      0.44      0.38         9
        5810       0.50      0.25      0.33         4
        5820       0.89      0.73      0.80        11
        5830       0.95      0.95      0.95       106
        5840       0.23      0.31      0.26        16
        5841       1.00      1.00      1.00         2
        5850       0.00      0.00      0.00         2
        5860       0.36      0.56      0.43         9
        5870       0.86      0.51      0.64        37
        5900       0.00      0.00      0.00         3
        5910       0.77      0.83      0.80       378
        5911       0.96      0.90      0.93       504
        5920       0.91      0.88      0.89       232
        5921       0.94      0.94      0.94        95
        5925       0.94      0.83      0.88        60
        5930       0.65      0.68      0.66       118
        5931       0.36      0.40      0.38        10
        5932       0.75      0.91      0.82       111
        5933       0.92      0.85      0.89        68
        5934       0.61      0.71      0.66        28
        5935       0.89      0.94      0.92        18
        5936       0.91      0.92      0.92       146
        5937       0.92      0.98      0.95        62
        5938       0.89      0.94      0.92        18
        5940       0.80      0.88      0.84       263
        6000       0.00      0.00      0.00         2
        6100       0.57      0.57      0.57         7
        6110       0.77      0.86      0.81       210
        6111       0.83      0.79      0.81       140
        6112       0.89      0.87      0.88        68
        6113       0.55      0.67      0.60         9
        6114       0.92      0.89      0.91       123
        6115       0.00      0.00      0.00         1
        6116       0.90      0.83      0.86       134
        6117       0.88      0.86      0.87       140
        6118       0.83      0.83      0.83        58
        6119       0.91      0.95      0.93       104
        6120       0.49      0.74      0.59        38
        6121       0.96      0.97      0.96        89
        6122       1.00      0.60      0.75         5
        6123       0.00      0.00      0.00         2
        6124       0.25      0.17      0.20         6
        6125       1.00      0.50      0.67         4
        6126       0.95      0.95      0.95       112
        6127       0.29      0.25      0.27         8
        6128       0.00      0.00      0.00         3
        6129       1.00      0.62      0.77         8
        6130       0.59      0.73      0.66        30
        6131       0.89      0.95      0.92        58
        6132       0.77      0.91      0.83        11
        6133       0.33      0.33      0.33         3
        6134       0.88      0.94      0.91        53
        6135       0.97      0.95      0.96       119
        6136       0.91      0.91      0.91        69
        6137       0.33      0.22      0.27         9
        6138       0.00      0.00      0.00         2
        6139       0.97      0.90      0.94        42
        6200       0.65      0.39      0.49        28
        6210       0.64      0.54      0.58        26
        6220       0.00      0.00      0.00         1
        6230       0.71      0.83      0.76        29
        6240       0.17      0.25      0.20         4
        6250       0.40      0.35      0.38        48
        6260       0.48      0.40      0.44        40
        6270       0.71      0.50      0.59        54
        6280       0.71      0.69      0.70       140
        6290       0.00      0.00      0.00         1
        6300       0.76      0.47      0.58        34
        6310       0.75      0.43      0.55        28
        6320       0.88      0.86      0.87       377
        6330       0.26      0.24      0.25        21
        6332       0.80      0.84      0.82       212
        6333       0.89      0.93      0.91       578
        6400       0.76      0.79      0.78        33
        6405       0.59      0.40      0.48        42
        6410       0.57      0.59      0.58        29
        6415       0.96      0.91      0.93        54
        6420       0.36      0.50      0.42        86
        6421       0.57      0.51      0.54        47
        6430       0.52      0.64      0.57       131
        6440       0.64      0.67      0.66        87
        6450       0.28      0.50      0.36        28
        6460       0.91      0.56      0.70        57
        6500       0.88      0.70      0.78        10
        6510       0.52      0.33      0.41        33
        6520       0.40      0.29      0.33         7
        6530       0.73      0.89      0.80        84
        6540       0.69      0.54      0.61        63
        6550       0.36      0.35      0.36        23
        6560       0.58      0.52      0.55        27
        7000       0.50      0.25      0.33         8
        7010       0.66      0.73      0.69       168
        7011       0.77      0.87      0.82        55
        7012       0.94      0.89      0.91        18
        7020       0.66      0.59      0.62        46
        7030       0.76      0.85      0.81        34
        7100       0.98      0.75      0.85        64
        7110       0.96      0.99      0.97       279
        7120       0.94      0.52      0.67        33
        7130       0.50      0.29      0.36         7
        7200       0.68      0.72      0.70       146
        7210       0.88      0.86      0.87       114
        7220       0.66      0.70      0.68        47
        7300       0.81      0.51      0.63        41
        7310       0.60      0.59      0.59        41
        7311       0.85      0.81      0.83        27
        7320       0.00      0.00      0.00         1
        7321       0.79      0.89      0.84        82
        7322       1.00      0.96      0.98        28
        7323       1.00      0.60      0.75         5
        7330       0.61      0.67      0.63        30
        7340       0.93      0.90      0.91        69
        7350       0.92      0.79      0.85        61
        7351       0.43      0.30      0.35        10
        7360       0.94      0.95      0.94       245
        7370       0.00      0.00      0.00         2
        7380       0.95      0.90      0.92        20
        7390       0.96      0.88      0.92        26
        7400       0.66      0.54      0.59        35
        7401       0.59      0.74      0.65        23
        7402       0.96      0.95      0.95       311
        7403       0.92      0.93      0.93       275
        7404       0.97      0.92      0.95        39
        7405       0.98      0.98      0.98       195
        7410       0.93      0.93      0.93        69
        7420       0.81      0.88      0.84       160
        7430       0.84      0.89      0.87       299
        7440       0.88      0.93      0.90       489
        7450       0.85      0.84      0.85       274
        7451       0.00      0.00      0.00         1
        7455       0.91      0.89      0.90        94
        7460       0.86      0.50      0.63        12
        7470       1.00      0.86      0.92        14
        7480       0.83      0.90      0.87       105
        7490       0.38      0.45      0.42        11
        7500       0.68      0.55      0.61        92
        7501       0.32      0.43      0.36        14
        7505       0.89      0.81      0.85        31
        7510       0.42      0.53      0.47        19
        7520       0.73      0.82      0.78        84
        7530       0.87      0.83      0.85        41
        7540       0.96      0.93      0.95        28
        7545       0.88      0.92      0.90        61
        7546       0.92      0.92      0.92        13
        7550       0.89      0.90      0.90       258
        7560       0.84      0.88      0.86       128
        7565       0.78      0.87      0.82       117
        7567       0.00      0.00      0.00         1
        7570       1.00      0.88      0.94        25
        7580       0.69      0.85      0.76        13
        7590       0.62      0.71      0.67         7
        7595       0.50      0.44      0.47         9
        7600       0.71      0.78      0.75       153
        7610       0.89      0.80      0.84        10
        7620       0.88      0.47      0.61        15
        7700       0.22      0.54      0.31        13
        7710       0.91      0.62      0.74        48
        7720       0.87      0.92      0.90       135
        7721       1.00      0.97      0.98        31
        7730       0.89      0.89      0.89        91
        7735       0.92      0.85      0.88       176
        7736       0.96      0.91      0.94        58
        7740       0.86      0.92      0.89       325
        7750       0.93      0.86      0.89        63
        7760       1.00      0.57      0.73        14
        7770       0.88      0.95      0.91        73
        7780       0.67      0.82      0.73        49
        7790       0.70      0.80      0.75        41
        7800       0.85      0.79      0.82        81
        7810       0.89      0.88      0.88        73
        7820       0.89      0.82      0.85        93
        7830       0.82      0.74      0.78        19
        7840       1.00      0.90      0.95        10
        7850       1.00      0.77      0.87        13
        7900       0.98      0.81      0.88        57
        8100       0.33      0.30      0.32        10
        8110       0.67      0.40      0.50         5
        8120       0.00      0.00      0.00         3
        8130       0.76      0.76      0.76        41
        8140       0.88      0.88      0.88        42
        8150       0.93      0.97      0.95        39
        8160       0.83      0.75      0.79        72
        8200       0.00      0.00      0.00         4
        8210       0.67      0.33      0.44         6
        8220       1.00      0.79      0.89        39
        8221       0.94      0.71      0.81        24
        8222       0.00      0.00      0.00         1
        8230       0.33      0.33      0.33         3
        8240       0.00      0.00      0.00         1
        8300       0.95      0.59      0.73        32
        8310       0.30      0.27      0.29        11
        8320       0.88      0.88      0.88        24
        8330       0.72      0.76      0.74        38
        8400       0.97      0.90      0.93       216
        8410       0.00      0.00      0.00         1
        8500       0.71      0.64      0.67        58
        8600       0.25      0.40      0.31         5
        8700       0.55      0.50      0.52        12
        8720       0.50      0.40      0.44         5
        8730       0.82      0.87      0.85        47
        8740       0.90      0.60      0.72        15
        8800       0.38      0.38      0.38        13
        8810       0.66      0.63      0.64        30
        8820       0.58      0.48      0.53        29
        8830       0.67      0.38      0.48        16
        8840       0.80      0.63      0.71        19
        8850       0.67      0.82      0.73        22
        8860       0.00      0.00      0.00         7
        8870       0.00      0.00      0.00         2
        9000       0.00      0.00      0.00         3
        9100       0.50      0.25      0.33        24
        9110       1.00      0.60      0.75         5
        9120       0.19      0.31      0.24        32
        9130       0.48      0.38      0.42        61
        9200       0.28      0.22      0.24        23
        9210       0.58      0.49      0.53        53
        9211       1.00      0.20      0.33         5
        9212       1.00      1.00      1.00         2
        9213       0.50      0.50      0.50         4
        9214       0.00      0.00      0.00         2
        9220       0.64      0.55      0.59        51
        9230       0.55      0.57      0.56       112
        9231       0.72      0.61      0.66        38
        9233       0.66      0.79      0.72        42
        9235       0.70      0.78      0.74        18
        9240       0.55      0.56      0.55       165
        9300       0.31      0.50      0.38        40
        9310       0.29      0.25      0.27        28
        9311       0.53      0.59      0.56        97
        9312       0.58      0.44      0.50        79
        9313       0.17      0.58      0.26        12
        9314       0.48      0.44      0.46        25
        9315       0.68      0.45      0.54       105
        9316       0.67      0.50      0.57         8
        9320       0.51      0.62      0.56        69
        9330       0.59      0.50      0.54        70
        9340       0.00      0.00      0.00         1
        9350       0.53      0.67      0.59        12
        9360       1.00      0.60      0.75         5
        9370       1.00      1.00      1.00         5
        9400       0.60      0.66      0.63       253
        9500       0.54      0.65      0.59       113
        9510       0.64      0.60      0.62        35
        9520       0.41      0.32      0.36        22
        9600       0.80      0.81      0.81       240
        9700       0.75      0.45      0.56        20
        9710       0.50      0.33      0.40         3
        9720       0.00      0.00      0.00         3
        9800       0.62      0.59      0.61       239
        9900       0.00      0.00      0.00         2

    accuracy                           0.80     22622
   macro avg       0.67      0.63      0.64     22622
weighted avg       0.81      0.80      0.80     22622
